 1* 8 9 12 56 57 58 413 415 416 417 583
 3 4 6 46 532 543
 15 18 584
 19 20 22 24 30 44 553 619*
 25 26 27 29 32 45
 34 35 36 611
 13 14 39 40 42
 47 48 51 59 61 627
 53 54
 62 63 64 65 66 67 68 628*
 69 70 71 72 73
 74 75 76 77 78 79 82 84 86 87 88 91 570 604 612*
 92* 93 579
 95* 96 97 99 100 102
 103* 104 106 510 580
 108 109 110 111 112 113 114 115 116 512 589
 117 118 119 120 652* 653
 122* 123 124 125 126 506 555 572
 127* 128 129 132 133 136 138 590
 142* 143 144 145 146 147 148 150 152 155 156 158 160
 161 163 165 166 169 171 588 597 606 620 633 639
 139 140 172 173 174 177 178 180 581 596 623
 182* 183 184 185 186 517 605 629 656
 187 188 189 190 509 582
 191 192 193 194 195 657
 200 201 202 203 204 205
 208 209 513 535 607 613* 644
 214* 215 216 217 218 641
 210 212 219 221 571
 222* 223 226
 228* 655
 227 229 230 232 233 533
 401* 402 403 404
 419* 420 537 626
 422 423 424 426 427
 428* 429 430 431 432 434 642
 442 443 444 489 575 603* 610 654
 408 409 410 411 412 466 467 576 637
 441* 447 448 450 451 452 453 455 457 462 463 464 465
 437* 438 439 440 458 460 461
 468 469 470 471 511 598 630 651
 546 585 615
 476 477 478 577 592 638 658
 473* 474 475 479 480 481
 486* 487 488 567 586 591 599 609 617 647 659
 405 406 407
 521* 547 550 602
 482* 483 484 485 505 542 614 618*
 433* 435 436 515 541 569 608
 472* 538 557 574 594 600 616 636 646 660
 540* 643
 621 631* 649
 536 549 573 624 635* 650
 206* 207 497 578 593 625 634*
 121 493 587 622 632*
 196* 197 198 199 502 560
 648
 645
 661 662*
 1 325
 2 3 4 324
 5 6 7 8 9
 10 11 12 321
 13 14
 16 17 18 331
 518
 15 19 20 21 406
 488 528
 495
 22 40 41 43 451
 49 51 527
 37 39 45 61 62
 64 65 67 70 71 459*
 76 77 78 439
 97 98 100 101 102 104 105 107 108 109 493
 120 122 124 125 354 487 499 526
 126 128 129 131 132 135 450
 136 138 140 142 144 145
 53 59 110 111 112 113 114 115 116 117 118 119 146
 79 80 81 150 151 152 153 154 155 156 157 158 298
 83 84 85 86 87 88 89 90 95 96 159 161 170 455 461 497
 173 175 176 177 178 179 180 181 318
 182 183 184 185 186 187 188 189 190 191 305 339 344 380 443
 192 193 194 195 196 197 198 199 200 201 202 203 301
 204 205 299 405 422 441
 206 207 208 209 215 216 308 314 475 484 496 506 536
 210 211 420 505 530
 217 218 219 220 221 304 507
 222 223 226 227 462 478 508
 232 233 399 476 545
 228 229 230 231 234 235 236 472 481 513 532
 237 238 239 240 241 242 447 452
 243 244 245 246 247 250 252 323 414 415
 253 254 255 256 257 258 259 260 340 517
 269 270 271 272 273 448 453
 287 289 290 291 292 293 294 295 296 449 454
 346 390 431 489
 534 345 371 416 533
 92 93 94 317 352 535
 212 213 214 338 367 369 464 474
 349 353 362 400 417 444 491 544
 347 370 407
 360 397 446 486 543
 359 364 404 433 445 485 504 531
 357 423 467
 337 366 377 541
 350 368 546
 358 363 379 424 425 523
 348 538
 361 434 512
 343 355 410 421 471 490 509 537
 341 378 426 442 498 529
 351 395 418 457 473 477 494 503
 356
 389 483
 382 408 438 468 480
 385 398 427 540
 387 435 539
 384 393 411 437 463 542
 392
 412
 492 500
 26 28 31 60 479
 511
 63 456 502
 515
 516
 514 549
 47 73 75 82 91 342 458 460
 519
 524
 525
 522
 521
 24 32 35 36 520
 547
 548
 374 402
 375 469
 372
 373 436 482
 388
 391
 383
 381
 386
 394
 413
 261 262 263 264 265 266 267 268 322 332
 275 276 277 278 279 280 281 282 283 306 335 336 465 470
 284 285 286 376 419 466 510
 1 2 3 4
 7* 8 9 10 16 17 52
 18* 19 20 21 27 28 29 51
 30 31 32 33
 36 37 38 39
 40* 41 42 43
 45* 46 47 48
 5 6 50 11 12 13 14 15 22 23 24 25 26 34 35 49 53 44 88 102 54 79
 57 74
 60 75
 55 59 76
 56 62
 58 61 80 99 109
 63* 69 77
 65 73 87 103
 68 98
 67 104
 64 90
 66 78
 72
 71 107
 70 97
 83 96
 81 108
 85 91 101
 82 89 92 100 105
 86
 84* 93
 95 106
 94
 1
 2 3 4 5 6 7 8 9 10
 11 12 13 14 15 16 27 98
 17 22 82 84
 18 19 20 80 97
 21 112
 23 86 87
 24
 25 26
 28
 29 96 104 110 116
 30
 31
 32 33 34 35 36 100
 37 38 39
 40 41 42 43 106*
 44 45 46 47 48
 50 51 52 53 54
 57 58 59 60 64
 93
 101
 49 55 56 83 65 66 88 61 62 63 105*
 108
 109
 115
 67 68 69 70 71 72 113*
 73 90
 74 75 76 77 79 92 95
 78 85 102
 91
 99
 89 94 103 107 111 117
 2 3 4 5 1 6 7 23 24 62
 8 9 10 25 26 66 72
 11 12 63
 13 14 15 16 49 64 67 68
 17 18 19 20 21 22 50 54 55 61 71
 69
 70
 28 29 30 31 27 32 33 48 52 53
 34 57
 35 36 51
 37 38 39 56
 40 41 42
 43
 58
 44 45 46 47
 1 2 3 4 5 6 7 8 9 10 11 12*
 13 14 15 16 17 18 23 24 25 26 27 28 29 317
 30 31 32 33 34 35 36
 37 38 39 40 220 297
 19 20 21 22 41 42 43 44 45 46 229 354
 47 48 49 50 363
 51 52 53 54 55 56
 57 58 59 60 61 285 324
 62 63 64 65 66 67 295 333 365
 69 71 72 74 303 322
 75 76 77 78 79 80 81 82 83 84 230 291 319
 85 86 87 89 294* 353
 91 92 93 94 95 96 97 98 99 321 340* 346
 102 103 104 105 106 107 108 109 110 233 301 331*
 111 112 113 115
 117 118 119 121 123 237 248 258 265 275 309 320 339
 124 125 126 364
 130 131 132 133 134 264 289 328
 135 290
 136 292
 138 139 141 298
 143 144 145
 146 293
 148 149 150 296
 179 180 227
 189 191
 192
 193 194 195
 226 250 268 338 352
 232 249 261 271 299
 238
 241
 245 348
 242 318
 244 327
 310 243 260 286 315 334* 350
 252
 251
 253
 254
 257
 256
 262
 100 101 221 259 263
 283 308 332 358
 284 312 325 347 361
 307 326 359
 306
 304 337
 267 276 314 305
 127 128 129 323
 330
 343
 344
 356
 360
 239 247 266
 181 182 184 311 336
 177 224 287 342
 171 172 341
 170
 164 167 169 240 273 349
 186 288
 335
 197 198 199 200 201 202
 203 204
 205 206 207 208 209 210 316 345 351 362
 211 212 213
 214
 215 216 217
 218 219
 255
 357
 159 160 161 162 163 246*
 173
 174 175 313
 176
 269
 270
 274
 329
 155 156 157 158
 151 152 153 154
 1 2 3 4 5 6 7 8 65 66 97
 41
 30 35 39 45 46 47 95
 9 10 28
 11 12 29
 13 25 51
 14 15 16
 18 19 20 21
 22 23 24 31 32
 48 49 50 53 54
 58 59 60 64 98
 99 100 103 104 109
 101
 61 62 63
 33 34 40 55 56 57 102 105 106
 107 112
 108 111 113
 110
 1 2 3 4 5 6 7 8 9 10 11 12 13 14 15 115 117 121 122 126
 16 17 18 19 20 21
 28 29
 30 31 32 33 90
 34 35 36 37 109
 38 39 40 41 42 43 110
 57 58 59
 64 65 66 67
 92 104
 24 25 26 94 95 96 101 102
 105 107 130
 106
 22
 23 127
 27 100
 135
 68 69 128
 136
 137 139
 138
 140
 143
 44 45 46 47 48 49 89 91 118
 50 51 52 99
 53 54 55 56
 60 61 62 98 112
 93 131
 119 125
 120 132 141 142
 63 116
 70 71 72 73 74 75
 76 77 124
 78 79 80 81 82 83 88 108 113 123
 84 85 86 87 103 134
 111 114 133
 1 2 3 4 5 6 7 8* 9
 10
 32 36
 40 41
 42 43 52 75 77 97 110
 51 96
 49
 61
 60 131
 62 104
 65 74
 69 102
 67
 68
 71 119
 72
 73
 79
 118
 114
 128
 11 12* 13 14 15 16 17 18 19 20 21 22 80 81 83 85 86 90
 23 24 25 44 54 120
 26 27 28 29 30
 46 47 57 59 76
 50 66 84 98 113 126
 53 64 87 100 124
 63
 70 101
 91 116
 82 130
 92
 93 94 95 99 103 105
 107 111 117 122 123 125
 106 121 127
 109 132
 108 129
 112
 115
 10 11 12 13 14 9 15 16 17 26
 18 19 20 21 22
 23 24 27
 25
 1 2 3 4 5 6 7 8
 1 2 3 4 5
 6 7 8 9 10
 12 13 14 15 16
 25 26 27 58
 36 37 38 54 77
 39 40
 41 42 43 44 45
 47 60 70 82 11 46 48* 56 17 18* 19 20 53 67 50 51 62
 55 59 63 68 71 78 81 84
 21 22 23 24 65 73
 32 33 34 35 49 57 61 66 69 72 76 79 83
 28 29 30 31
 52 64
 74 80
 1 2 3 4 5*
 6 7 8
 9 32
 10 11
 12 13
 14
 15 28
 16
 17 18
 19
 20
 21
 22 23
 24 29
 25
 26
 27 30 31 33* 34 35
 37
 2 3 4 5 6 1* 7 8 56 57
 54 58
 9* 10 11 12 13 14 15 16 17 18 19 40 41 42 43 55 59
 20 21 22 23 24 25 26 27 52
 28 29 30 31 32 33 63 69 70
 34 35 36 37 38 39 62 65 68
 44* 45 46 53 60 61 64 67
 47 48
 49 50 51
 8 9 10* 11 110
 12 13
 14
 16 17 20
 18 19* 116
 21 87 92
 22 23 95 115
 114 71 90 97
 69 80 91
 15 75 79 88
 1 2 3 4 5 6 7
 113
 24 25 26 27 32 33 34
 28 29 30 31 72
 35 36 101*
 57
 65 66 86
 74 89* 93
 76 96
 85
 83 99
 82
 84
 108
 104
 105
 37 38 39 40 78 81*
 41 42 43 44 45 73 77
 46 47 48 98* 111
 49 50 51 52
 53 54 55 56 70
 58 59 60
 61 62
 63 64
 67 68 117
 94
 109
 106
 107
 112
 2 3 4 5 55 1 83 110 120 126
 6 96 123
 11 13 80 116
 15 62
 24 25 127
 26 27 28 29 37 57 64 99 113 121 129
 30 68 73 98 115 125
 31 33 34 36
 40 42 97
 38 39 44 100 124
 46 47 48 82
 52
 50 58 106
 51 66 111
 69 72 101
 77 117
 76 122
 74 105
 78 114
 75 104
 91 119
 133
 131* 132
 135
 136
 137
 138
 139
 7 8 60
 9 10 89 108
 16 17 18 19 20 59 112 118 128 140
 21 22 23 71 84 88 92 103 107
 53 54 63
 67
 79 102
 85 109
 87 93
 130
 134
 1 2 3 4 5 6 7 8 9 10 27 30 31 32 33 34
 11 12 13 14 15 16 17 28
 18 19 29
 20 21 22 23
 24 25 26
 35
 3 4 7 8
 1 2 5 9 32 34 39 47 56
 11 12 45
 13 41 53
 14
 15
 16
 17 18 38
 19
 20
 21 37
 22
 23 50
 24
 25 26 36 42 49
 27
 28 29
 30
 31
 6 10 33 35 40
 43
 55 57 52 59
 44 46 48 51 54
 58
 55 56 57 58 59 60 61 62 63 64 142 145
 73 89 113
 74 75 94 115
 66 67 68 69 70 71 72 88 95 96 143 146
 127
 65 86 122 123 134 139
 99 104 108 111 133 138 140
 33 34 35 36 37
 39 79 109 130
 42
 43 44 78 101
 45 117
 126
 137
 38 40 80 144 116
 131
 147
 1 2
 3 4 5 6 7 8 9 10 11 12 13 77 119 120
 102
 121 132
 14 15 16 17 18 19 20 21 22 23 24 25 81
 26 27 85 135
 28
 29 30 31 32 76
 41 87
 46 47 90
 48 91
 49 50 51 52 53
 93
 98 100 103
 54 97
 107
 106
 110
 112
 124
 128
 129
 83 114 118
 136
 84 141
 105
 148
 149
 1 2 3 4 5 6 17 39 40 42 48 50*
 7 8 9 10 11 12 13 14 15 16 36 45 46
 18 19 20 21 22 23 24 25 26 49*
 27 28 29
 30 31 32
 33 34 35
 43 52
 44 51
 37 47
 38
 1 2 3 4 100
 5
 12 13 14 15 16
 17 18 19 20 91
 21 22 23 90 101
 24 25 26
 27 28 29 105 125
 149 104 119 162 110 30 31 32 33
 34 35 106 173
 36 37 38 69* 92 98
 39 40 41 93 130* 175
 42 80
 43 44 45 60 178
 46 47 48 86 126 151
 49 50 87 99* 112 124 171
 51 89* 129 142 147 167 180
 52 53 81 107 117 122 133
 54* 55 56 102 108
 57 79 120
 58 59 83
 61 62 63 64 82 118 132 153 174*
 65 96
 66* 67 68 84 113
 6 7 8 9 10 11 70 85 115
 71 88 103 116 148
 72 73 74 75* 76 111 121 131
 77 78
 95 127 168
 94 109 170
 128 145 172
 97 141
 143
 114
 123 137 146 169
 135 136
 140 152
 139
 134 150
 138 177
 144
 159
 155* 179
 157
 154
 158
 156
 161
 163
 166
 160
 165
 164
 176
 81 82 83 163 218 231
 84 85 86 87 88 203 290
 89 90 133 158 256 289
 91 92 136 167 221 238 261
 93 94 95 96 123 204
 97 98 134
 103 104 105 131
 148 260
 99 100 101 102 121
 150 253
 143 147 277
 161
 191 282
 245
 246
 243 272
 275 295
 276
 8 9 10 11 12 13 14 15 16 17 18 111 127
 19 20 21 22 116 183 200 250 285
 23 24 25 26 27 109 166 193
 28 29 30
 31 32 33 34 35 36 37 117 172 194
 38 39 40 112 170 195
 164 174 181 184 201 284
 46 47 48 119 159 185
 49 50 51 52 114
 53 54 55 110
 56 57 108 160 192 233 271
 58 59 178 208 229 257 291
 60 61
 62 63 118
 64 65 66 115 252
 67 68 69 120
 70 128
 71 122 299
 72 73 74 75 76 107 149
 77
 78 79 80 126 140 142
 179 196 206 219 226 286
 129 202 251 292
 130 152 175
 132 173 259
 137 151 162 168 180 186 207 230 237 254 293
 139 177 215
 138 157 176
 145 156 182 268
 146 171 217 279
 153 187 216 220 232 262 283
 141 155 169
 273 281
 188
 189 197 225 258 287
 190 198 247 265 297
 205 222 248 270
 213 228
 41 42 43 44 45 106 124 144 224
 1 2 3 4 5 6 7 113 199 214 223 227
 234 249 255 263 278 294
 236 267
 235 266
 240 298
 239
 242
 241
 244
 125 135 154 165 269
 264
 274
 280
 288
 296
 1 2 3 4 5 6
 23 24 25 26 72 81 107 120
 27 28
 29 89
 31 90 144
 32 33 34 35
 36 100
 42 43 104
 44 45 80 108
 46 47 48 87 112
 49 50 105
 51 113
 52 53 88 101 121
 56 92
 153 62 63 64 147
 65 79
 66 67
 73
 77 149
 86
 84
 30
 37 38 162
 102 159
 103
 122
 117
 131
 133 145 163
 132 138 146 150
 136
 137
 154
 160
 156
 7 8 9 10 11 12 71 74
 13 14 15 16 17 18 109 116 134 148 161 166
 39 40 41
 54 55
 57 58 106 128
 59 60 118
 61 96
 68 69 75 114 126 143
 19 20 21 22 82 95 98 110 129
 76 97 152
 70 83 99 127
 78 115 165
 93 125
 91
 111 119 135 158
 85
 123 157
 139
 140
 142
 141
 151
 155
 164
 36 37 38 39 40 41 42 43 44 114 124 128 135 139 145 148
 45 117
 46 47 48 115
 49 50 149
 58 59 60 61 62
 93 94 95 96 97 99 100 131 142
 109 110 111 121
 15 16 17 18 19 20 21 125 150 155 172
 3 5 22 23 24 25 32 33
 1 2 4 8 26 27 28 29 30 31 34 35 122 132 159 165
 10 11 12 13 14 136 141 146
 54 55 56 57
 63 64 65 66 67 140
 70 71 72
 74 75
 78 79 80 81 85 86 87 88 89 127
 90 91 92 168
 101 102 103
 105 106 137
 130 133 154 156 157 158 160 161 164
 162*
 163
 166
 167 170 171
 169
 1* 2 3 4 5 6 113
 7 8 246
 9 10 13
 132 138 149 158 176 193 225
 11 12 189
 129
 14 15 16 17 18 134 147 170 184 218 252
 19 125
 20 21 22 126 142
 23 116
 24* 25 26 27 28 29 159
 30 31 32 33 34 35 36 37 38 39 135 143 160 191
 40 41 42 115 124* 145 230
 43* 44 45 112 190 210 221
 46 47 48 49 50 51 52 53 54 56 144 150
 57* 58 59 117 137 163 181 223
 60 61 62 241
 63 64 65 118* 141 156 180 226
 66 67 68 133 157
 69* 123 140 151 164 185 196
 130
 70 71 72 73 114
 74 119 148 174 192
 75
 76 77 110 120 152
 78 165
 79
 80 81 146 177 254
 154 169 194 167 82 83 85
 84
 86
 87
 88
 89 90 91
 128 178
 92 93
 94 95 96
 97 131
 98 172
 99 100 155
 101 102
 103 166 238
 104 127 188 224 240 251
 105 136 153* 168 175 187 205 227 255
 106
 108
 109 202
 111
 122
 121
 179 229
 186
 195 247
 198 239
 200
 199 216 222 244
 201 242
 55 139 183 197 204
 206 228
 203
 209 219 231 248
 208
 212
 220 161 162 171 173 182 207 211
 213 243
 217
 232 245 250
 233
 214 215 253
 234
 235 249
 236
 237
 4 5 6 7 3 8 9 24 29 30*
 10* 13 15 16 17 18* 21 270
 1 22 23 25 26 27 28 258
 73 74 75 76 279 311
 31 32 33 268 340 379
 35 36 37 38 277 305
 34 39 40 41 42 257 271 314
 43 44 45 46 47 48 278 411
 49 50 51 52 351 406
 53 54 55 56 57 58 59 60
 61 62 63 64 65 66 67 304 313 319 329 343 376 396
 68 69 70 71 72 77 254
 97* 104 105* 106 275
 79 80 84 85 87 88 89 280 284
 90 91 92 93 94 95 265 325 328 339 353 367 381 395
 112 113 114 115 116 117 118 119 260
 107 108 109 110 111 308 310 320
 120 121 122 267 326 382
 123 250 364
 124 125 397
 126 127 128 129 130 131 132 133 134 259 264 365 387 407
 135 136 137 138 139
 78 81 82 83 86
 349 352 375 389 408
 159 160 161 393
 348 359 390
 176 177
 178 179
 386 405 180
 181 182 183
 350 363 392
 184
 194 195 197 385
 198 199 309 335 362
 200 201 368
 204 206 207
 209
 272 288 312 318 324 334 338 345
 96 98 99 100 101 102 103 273 274 315
 283
 290
 291 300 327 336 357 388
 303 401
 299 331 369 394
 330 344 356 370 373 402
 378
 11 12 14 19 20
 400
 398
 140 141 251 289 399
 403
 342 366 384 404
 286 298 306 323 358* 380 409
 143 144 145 146
 147 148 149 155 276 307 346
 150 151 152 153 253 266 322 332 337 372
 354
 347 361 371 374 383 391 410
 154 156 157 158 355 377 412
 163 164 165 256
 166
 167
 173 174
 186 187 188 333
 191 192 193
 1 2 3 4 5 6* 7 8 9 362 400 466 532
 10 11 12 13 31 32* 274
 14* 15 16 17 18 305 355 421 476 543
 19 20 21 331 426* 464 522 556
 22 23 24 290 345 441 501* 530
 25 26 27 28 29 30 277 291* 297 301 308 313 379 389
 33 34 35 36 37 306 343* 558
 38 39 344 422 485* 528
 40 41 401 473*
 42 43 44 318 382* 459
 45 46 47 48 292 309 316 328 357 364 390 402 423 430* 554
 49 50 275 403* 455 482 523 550
 53 54 55 56 57 58 59 336 378* 395 420 433 446 469 475 495 510
 60 61 62 63 64 65 66 280* 477
 68 69 70 67 71 346 404 429 489* 533
 72 73* 74 75 347 405 453 506 565
 76* 77 78 79 80 273 322 358 396 544
 83 84 85* 86 87 88 89 90 91 380 406 509
 96 97 98 307 397 490* 536
 99 100 101 102 365* 438 537
 232 233 234* 235 236 237 238 239 304 314 326 370 371 391 407 414 416
 240 241 242 243 244 269 340 372* 408 444 468
 245* 246 247 248 249 373 392 398 417 481
 250 251 252 284 394 431 443 504* 539
 253
 254 255
 81* 82 268 283 299 323 360 399 478 496 526
 350* 419 471 524
 51 52 351 488*
 92 93 94 95* 264 324 376 409 434 448 465 499 551 562
 327 342 356 363 384* 410 412 415 425 436 440 447
 386 411* 428 462 491 540
 418 437 454 479 508* 518 559
 427 458 513* 516
 435 442 452 463 472 486* 492 520 529 546
 449 450 457 470 480 484 487 493 497 498* 503 521
 456 460 467 474 483* 500 519 553
 494 511* 515 531 545 564
 432 445 451 502* 505 512 525 534 542 547
 413 439 461 507* 514 549
 517 527 548 561
 535 552
 538
 541
 555 560 563
 557
 1 2 3 4 5 6 89
 7 8 9 10 11 12 13 14 92
 15 16 17 18 19 20 71
 21 22 90
 23 24 70 74
 25 26 27 35 36 72 82
 28 29 30 31 32 33 34
 79 80 84 85
 81 86 97
 75 83 87 91 96
 88
 93 95 98
 2 3 4 1 5 6 7 8 9 10
 11* 12 13 14 15
 16 17 18 19 20
 21 22 23 24 25 26 32 34 35 36 37 38
 27 28 29 30
 1
 2 3 15 35
 4 5 12 13 29
 6 7 45 46
 8 9 10 11 14
 16 17 18
 19 20 21 36
 48 32 24 25 27 31 33 38 41
 37 39 40 42 43 44 47
 22 23 26 28 34
 195 222
 2 3 236
 224
 217
 25 26 27 28 29
 37 38 39
 200
 199
 42 44 49 55
 212
 56
 227
 10 54 58
 59 60
 237 13 16 17 24 63 64
 34 35 36 66 67 68 70 182 188 189 230 231
 81
 83 84
 88 89
 90 91 93
 94 96
 98
 100 101
 104
 105
 106 107 179
 112 113 114
 115 252
 118 120
 121 122
 132
 134 135
 136 137 138 244
 139 140 149
 142 144 157
 198 229 234 241 248
 40 151
 208
 209
 210
 211
 214
 193 219 233 238 243 250
 194 235 242 251
 196 223 232 240 245 246 249
 162 192
 97
 213
 239
 247
 148 221
 154 228
 146 215
 225
 201
 226
 57 87 184
 123 124 125 126 127 128 147 164 191
 129 130 186
 131
 153 155 207
 156 158 159 160
 218
 1 2 3* 4 7*
 5 6 26 30 39
 8* 36
 16 17 18*
 40* 45
 19 20* 43
 28
 9* 46
 10 11 12 27 32
 21 22* 23 24 25
 13* 14 15 29 35 38
 33 34 37
 1 2 3 4 5 6 7 8 9 10 274 275 531 541 560 569 580
 11 12 13 14 15 16 17 18 19 20 21 470 553 567 596 622
 31 32 33 34 35 36 37 38 39 40 41 42 43 571 590* 603
 44 45 46 47 48 63 64 65 66 67 68 448 456
 49 50 51 52 53 54 483 517
 515 525 540 545 554 559 623
 55 56 57 58 59 60
 61 62 549 566 599
 465 479 481 497 498 542 575* 614
 124 125 126 127 128 129 130 550 562 570 577 582 591* 594 601
 136 137 138 139 140 141 142 581*
 147 148 149 150 151 152 153 154 613
 155 156 157 158 159 160 161 162 163* 453 458 486
 131 132 133 134 135 143 144 145 146 164
 193 194 195 196 197 198 199
 200 201 202 451*
 225 226 227 469 508 526 551 579
 234 235 236 237 238 239 240 401 402 403 404 459 485 489 568 578 586 602 618
 262 263 264 265 266 267 268 269 270 271 272 273 484*
 280 281 446 488 496 501 504 513 519 527 538 543 547 552 555 557 561 565 573 574 584
 276 277 278 279
 320 321 322 472
 323 324 325 326 327 328 329 330 331 487 532 544
 337 338 339 340 341 342 343 344 345 346 347 348
 349 350 351 352 474 503
 353 354 355 356 357 358 359 360 361 362 363 364 365 366 367 368 369 588*
 372 373 374 375 473*
 383 384 385 386 387 388 445 452 624
 370 371 376 377 378 379 380 381 382 389 390 583 587 592* 593 597 604 612 619 620
 405 406 407 408 409 410 411 412 447 615
 419 420 421 422 423 424 425 426 427 428 429 430 431 432 433 522 585 611
 434 435 436 437 546 563 607
 461 511 589* 617
 467 494 572* 598
 462 509 558 595
 548 556 564 576 600
 610
 609
 605
 606 616 621
 608
 7 8 9 10 11 12 13 14 15 16 17 18 57 58
 4 5 6 19 20 21 22 60 62
 23 24 25 26
 27 28
 29 30 31
 32 33
 34 35
 36 37 38
 39
 40
 41 42 43 44 45
 46
 47
 48
 55 49
 50 51
 52 53 54
 56
 59 68 79
 61
 63
 64
 73 80
 1 2 3 75
 109 110 111 112 113 114 420
 115 116 117 118 119 120 121 122 421 479
 106 107 108 123 124 125 126 127 128 129 130 131 132 133 134 135 136 399
 137 138 139 140 141 142 143 144 145 146 147 413 453 480 534
 148 149 150 151 152 153 154 155 156 157 158 159 160 161 426 466 487 501 541 596
 162 163 164 165 166 167 418 481 535 562
 168 169 170 530
 171 172 173 401 502 567
 189 190 191 192 394 571
 193 194 195 196 197 198 392 443 462 503 527 568 584 592
 201 202 203 582
 208 209 210 419
 211 212 213 214 215 216 217 218 219
 220 221 227 228 450 467 572
 222 223 224 225 226
 229 230 231 232 233 234 235 236 237 238 414 504
 239 240 241 242 243 244
 245 246 247 248 249 250 251 474 505 528 536
 252 253 254 407
 255 256 257 258 259 260 261 262 263 264 265 266 400
 267 270 272 273 274 275 276 277 278 391 460 471 581
 387 388 438 444 516 552
 404 483 578
 427 455 484 531 591
 268 269 271 430 459 488 511 512 525 537 579 590
 395 451 461 513 538 548 551
 436 442 457 469 518 526 539 556 565 577 585 600
 447 543 564 598
 449 549 599
 458 529 544 546 547
 491 542 554 576 594
 199 200 403 492 532
 498 523 540 553 559
 521 557 597
 533 545 550 560 574
 561 573 583 570 595 575 589 588 555 558 563 566 569 580 586 593
 587 601
 1* 2 5 6 7
 3 59
 8*
 4 9
 10* 11 12 79
 13 62
 14
 15
 17 18
 16 19 71
 20 21
 22
 23
 24
 25
 26
 27
 28
 29
 30
 50
 53
 60
 65
 67
 68
 66
 69
 83
 31* 32 33 37 55 56
 36 38 39 76
 40 57 63 73* 80
 41 52
 42* 47 61 72 75
 43 44 54 64 77* 81
 45 78
 46 74
 34 35 48 49 58
 51 70 84
 82 85
 28* 69 99
 29 30 31 68
 32 33 34 35 36 37
 38 78
 39 40 41
 42 43 44
 75 76
 1 2
 4 5 21 26 27
 6 7 8 9 10 11 12 13 14 98
 15* 16 17
 18 19 72 74 79
 20 87
 22 23*
 3 24
 25 67
 45 46 47 48 49 54 86 88*
 50 51 52 53
 55 56 57 58 61 62 63 64 77 81 83 84 85
 59 60 65 66* 70
 71 73 80 82
 48 49 50 51 47 52 53 54 55 83
 56 57
 59 60 61 62 84
 58 90 93 102 103 109
 99 150
 138
 137
 1 29 30 31
 2
 3 4 5 101
 6 7 8 9
 10 11 12 13 14 15 16 17 18 36 37 38 39 40 41 42 43
 19 20 125 129
 21 22 23 24 25 26 27 28
 32 33 34 35 79
 153
 44
 45
 46
 63 64 65 66
 67 68 82
 69 70
 85 88 136
 86 106
 91 107
 92 142
 95 104
 100
 96 140
 98 127
 81
 135 144 152 155
 134 149
 133 148
 132
 131 145 151 154
 110
 111 112
 113 114 115
 116
 117 118
 119 120 126
 121 122 143
 123
 71 72 73 74 75 76 80 94 108 124
 77 78 87 89
 97 105 130 141
 146 147
 139
 24 27 40 41
 3 4 13 42
 2 17 18 21 22
 32 33 34 35 36
 38 39
 23 31 37 53 50 55 56 59 60
 52 57
 51 54 58
 1 5 6 7 8 9 10
 1 2 3 4
 8 9 10 11 12 13 14* 42
 5 6 7 15 22 23 46
 16 17 18 19 20 21
 53 55 58 60
 24* 25 26 27 28 29 30
 31 32 39 50 57
 33 34 35 36
 37 38 41
 40 43* 44 45 47 48 49
 51 52 54 59
 56
 1 2 3 4 5 6 7
 8* 9 10 11
 29 30
 31 32
 35 44
 36 37
 39 46
 40 41 42 43 48 72
 54
 61
 12 13 14 47 53 57 67
 15 16 17 18 19 20 21 50 56 68 71
 22 23 24 25 51 62 73
 26 27 28 49 58 69
 33 34 52 74
 38 45 55 63 70
 60* 64 65
 59* 66
 1 2 3 4 5 6 32
 7 8 9 10 11 12 13 14 15 16
 17 18 19 20 21 33
 22 23
 24 25 26
 27 28 29
 30 31 34 35
 3 4 8 26 27
 1 5 6 10
 7 44
 9
 11
 2 13 14 15 33
 16 18
 19
 20
 22
 23
 24 25
 28 29 32
 36 43
 40
 35 46
 38
 34 45
 39
 42
 41
 47
 8 9* 10 11 12 14 15
 13 19
 16 17 18
 20
 1 2 3 4 5 6 7
 1 2 3 4 5 6
 7 8 9 10 18 19 20 22 23
 11 12 13 14 27
 15 16 17 26
 21
 2 3 4 5 6 1 7 19 20 21
 8 9 10 11 17
 12 13 14 15 16 18
 1 2 3 4 5 6 7 8 9 10 11 12
 13 14 15 16 17 18
 19 20 26 27
 21 22 24 25 29
 23 30
 28 31
 1 2 3 4 5 9 10 11
 6 66
 7 8 86 121 146
 142
 12 13 14 15 16 17 18 19 64 70 77 135
 20 21 22 23 24 25 67 115
 26 27 28 29 73 88 100 119
 30 31 32 71 83
 33* 34* 35 68 75 76 78 85 87 90
 36 37 38 81 102
 39* 40* 41* 42* 43 44 45 46 47 48 80 92
 49 109
 50 51 52 82 93 113 118 140
 53 62
 54 55 117 136
 56 57
 58 59 60 61 65 91
 63 105
 74 84 106
 72 89 112 141
 69
 79
 94 98 103 111
 96 110 139
 97 107 122*
 99
 124 144
 126 129 130 131 133
 125 145
 127 132 147
 128 143
 95 101 104 108 114 116 120 123* 134
 137
 138
 1 2 3 4 5 6 7 22
 28 29 30
 8 10 11 12 13 14 15 21
 18 19 20
 16 17 23 25 26 27
 9 24
 1 2 3 4 5 6 7 8 9 10 11 36*
 12 13
 14 15
 17 31
 18 19 30
 20 32
 21
 22
 23 33
 24 37
 25
 26
 27
 28
 16 29
 41 68
 1 2 3 4 5
 51 53 58
 15 21 61 66
 16 17 18 19 20
 49 52 54 57 59
 10 11 12 13 14
 6 7 8 9 42 43 64 65 22 23 24 48 39 40 44 45 47 50
 36 67
 37 38 60
 25 26 27 28 29 30 46 56
 31 32 33 34 35 55 63
 2 3 4 5 56* 59
 6 7 8 9* 58
 10 12 13
 11 14 15 47
 1 16* 42 46* 57
 19 20
 21 44
 17 18 22 23 48
 24
 25
 26 27
 28 29 55
 30 31
 32 33 45
 34 35 36 37 38 39*
 40
 41
 43
 1 2 3 4 5 168 181 191* 209
 6 7 8 9 10
 11 12 13 14 15 16* 17 18 19 20 21 169
 22 23 24 195
 25 26 27 28 187 231 251
 29 30 31 32 33 34 35 162 174 185 189* 204 220
 36 37 38 217
 46 47 48 49 50 51 52 53 54 55 197 206
 56 57 58 59 60 61 62 63 215 221*
 64 65 66 67* 68 69* 70 71 72 165* 190* 250
 73 74 75 76 77 78 79 80 81 171 184
 82 83 84 85 86 193*
 87 88 89 90 91 92 93 94 95
 96 97 98 99 100
 101 102 103 104 105 106
 107 108 109 110 111 112 113 114 115 175
 116 117 118 119 120 121 122 141 142 166 196 211 232
 123 124 125 126 127 128 167 176 201
 129 130 131 132 133 134 135 136 137 159 222 230
 138 139 140 160 249
 143 144 157 163 183 208*
 145 146 147 170 178 200 214 229
 148 149 150 151 152 153 161 164 172 173 177 182 186 192 203*
 154 155 156 199 245
 158 213
 188 194 202 205 207 210 212* 216
 39 40 41 42 43* 44 45 180 198 227
 223 235 246
 224 234 243 248
 225 233 242 247
 226 228 244
 239
 236
 240
 237
 238
 241
 7 8 9 10 11 12 13 14 15 16 17 18 19 20 21 22 23 200
 24 25 26 27 28 29 30 31 32 327
 33 34 35 36 37 38 39* 40 41 221 248 290 316 349
 42 43 44 45 46 47 209 257 287 341
 48 49 50 51 52 53 323
 54 55 56
 57 58 59 60 61 62 63 64 65* 66
 68 69 70 67 71 72* 73 74 75 201
 76* 77 78 79 80 81
 82 83 84 85 86 87 88 89 90 91 92 93 94 186 202 217
 95 96 97 98 99 100 101 102 103 104 105 106 107 203 210 214
 108 109 110 111 112 113
 114 115 116 117 118 119 120 121 122 123 124 125 204 222* 250 317 333 344
 126 127 128 129 130 131 132 211 343
 133 134 135 136 137 138 139 140 141 142 143 144 145 146 147 148 149 205 255 264 267 273 328 340
 150 151 220 249 274 352
 152 304
 153 154 156 157 161
 158 159
 160 223 242 253 270 292 322
 155 215
 162 163 164 165 315
 1 2 3* 4 5 6 166 167 168 169 170 171 232 265 283 305
 172 173 174 175 176 301 351
 177 178 179 180 181 182 199 206 208 212 218 219 231 235 237 240 245 254 289
 183 184 216 224 238 252 260 286 337
 185 225 239 251 262 269 278 288 329
 187 207 213 234 241 246 259 268 276 347
 188 189 190 191 192 193 229 266 275 294 345
 194 195 196 197 198 226 244 258 296 314 325 339
 227 256 277 308
 228 236 247 263 271 281 291 300 310 330 334
 230 233 243 261 272 280 293 298 306 311 326 336 346
 279 284 295 297 307 313 318 331 338 350
 282 285 299 309 312 319 321 332 348
 303 324 342
 302 320 335
 1 2 3 4 5 6 7 8 9 10 359 380*
 14 15 16 17 18 19 20 21 22 23 24 35 278* 306 354 389
 11* 12 13 25 26 27 28 293 315
 29* 30 31 32 34 328 340 368 381
 36 37 38 39 40 395*
 41 42 43 44 45 46 47 48 49 307 360 385* 410
 50 51 52 53 54 55 342* 346 375 413
 56* 57 58
 59* 60 61 80 81 82 83 84 320
 62 63 64 65 66 67 68 69 70 71 72 329*
 77* 78 79 308 331
 85 86 87 88 89 230 352*
 90* 91 92 93 411
 94 95 96 97 98 99 100 101 102 103 390*
 107* 108 109 110 111 112 113 114 121 325
 115* 116 117 118 119 120
 122* 123 124 125 126 127 128 129 321 347
 130 131 132 133 134 135 136 137 138 139 333* 391
 140* 141 142 143 144 145 146
 147* 148 149 150 151 323 372
 157 158 159 160 393* 415
 161* 162 163 164 165 166 301 318 404
 167 168 169 170 171 172 173 174 175 309 341*
 176* 177 178 179 180 181
 182* 183 184 185 186 187 188 361
 189* 190 191 192 193 194 195 196 349 362 378 417
 197 198 199 200 201 202 203 204 205 206 363 382*
 207* 208 209 310 324
 210 211 212 213 214 215 311 350* 383
 216 217 218 219 220 221 222 223 224 225 226 312*
 227* 228 229 412
 231* 232 233 322
 234 235 236 237 238 239 240 241 242 243 244 245 351*
 246* 247 248 249
 250 251 252 253 254 255 256 257 258 259 260 261 313 327*
 262* 263 264 265 266 267 348 377 416
 273* 405
 274 275 276 277 388* 403
 337 343* 364
 152* 153 154 155 156 279 280
 104 105 106 281 282 283 314 334* 367 386
 284* 285 353 406
 287 288 289 319 345* 356 376 409
 290 291 292 339 366 392* 402
 294 295 296 317 336* 344 357 369
 297* 397
 298 332 358 384* 401
 299* 330 373
 300* 326 335 365 400
 268* 269 270 271 272 302 316 387
 303 396*
 73 74 75 76 394*
 355* 398
 374*
 379* 399
 408
 407
 1 2 3 4 5 6 7 8 9 280 305 350 351* 402 465
 10* 11 12 13 14 226 227 262 287 298 311 329
 15 16 17 18 19 20 21 22 23 24 25 26 27 28 268 276 308* 331 379 411 451 468
 29* 30 31 32 33
 34 35 36 37 38 39 40 41 42 43 365*
 44 45 46 47 277 303 380* 386
 48 49 50 51 52 53 54 55 56 57 58 269 330* 333 375 406 438 466
 59* 61 63 65 67 203 204 205 208 209 245 246 247 273 297 328
 68* 69 70 71 72 288 310
 73* 74 75 76 77 78 79 80 81 82 83 84 85 413 453
 86 87 88 89 90 91 92 93 94 95 96 97 374*
 98 99 243 263 315 326* 363 397 426 443 464
 100* 101 102 103 104 105 106 107 108 109 110 111 112 313 327
 113 114 115 116 117 118 119 281 346*
 120 121 122 123 124 125 126 127 128 129 361*
 130 131 132 133 134 135 136 137 138 139 360*
 142
 143 144 145 146 147 148 149 150 151 152 153 255 318 345* 377
 154 155 156 157 158 159 160 161 162 163 282 321 394*
 266* 275 283 320 387
 183 184 185 186 187 239 240 355* 462
 190 191 192 193 194 259 265 272 274 290 299 319 325*
 195 196 197 198 199 200 201 202 252 353*
 210* 211 212 213 214 215 216 217 218 279
 219 221 223 225 241 242 284 312 362* 385 424 449
 228* 229 230 289 301 323 367 404
 188 189 231 232 233 234 235 236 237 238 256 267 293 309 356*
 250 251 285 314 348* 395 450
 248 249 253 286 372*
 264 278 295 307 322 343 352* 378 396 418 432
 291* 302 317 334 369 427 459
 338
 164 165 166 167 168 169 170 171 172 173 337 359 368* 373 384 392 400 401 420 431 440 448 456
 270 292 304 324 336 349* 358 381 383* 390 442
 335 382* 405 436 455
 341 371 389* 403 434 452
 294 296 316 339 347* 364 388 407 425 441 457
 342 344* 393 417 430 454
 399 410 429 437 463
 140 141 300 332 391 408* 415 439
 409 446
 254 271 306 354 412 458
 421
 174 175 176 177 178 179 180 181 182 366* 414* 422
 416* 423
 435 447 467
 340 357 370* 376 398 419 428 433 460
 445
 444 461
qtd_endereco = 1672 qtd_bairro=1672 qtd_local=1672 qtd_secoes=3933
